0 593 Road_Buffer OBJECTID
1 205         34.5296022
1 206         33.2213296
1 47         30.1953367
1 40         30.1953367
2 159         89.6061379
2 3          87.185927
2 160         68.1902663
2 161         45.7052798
3 163         110.693051
3 2          87.185927
3 164         93.2257498
3 161         41.4916905
4 169         163.709545
4 170         124.776337
4 172         58.6264453
4 171         111.952455
5 207         70.6288871
5 209         62.6161102
5 195         37.5956301
5 252         30.2203689
6 198         65.5545167
6 197         57.1972137
6 199          43.490239
6 212         55.9159981
7 205         40.7242499
7 202         37.8968101
7 200         35.4145533
7 203         26.9132225
8 195         70.4384723
8 210         47.1791459
8 211         36.5658972
8 212         31.9208447
9 255         73.9006798
9 243         69.8425478
9 257         29.6623691
9 256         69.0910091
10 286         67.2609994
10 288         43.6923304
10 284         55.4374259
10 285          27.110517
11 314         70.5311425
11 309         69.2228774
11 313         21.3304969
11 312         32.8580385
12 328         162.781078
12 325         109.211761
12 326         99.5250779
12 324         105.249171
13 276         228.255021
13 337         221.675057
13 275         126.696225
13 338         188.375816
14 341         167.880331
14 342         97.2900353
14 344         144.265259
14 343          49.703554
15 348         143.046647
15 350         91.5376989
15 16         36.6377316
15 591         85.8541689
16 348         161.708986
16 350         60.8198811
16 15         36.6377316
16 591         54.4505316
17 313          141.95933
17 314         110.587097
17 11         123.728355
17 309         54.5115642
18 21          43.498767
18 20         28.9992078
18 19         14.4995592
18 36         14.4995592
19 21         28.9992078
19 36         28.9991184
19 18         14.4995592
19 20         14.4996486
20 18         28.9992078
20 22         26.1395203
20 21         14.4995592
20 19         14.4996486
21 19         28.9992078
21 23         23.3798922
21 22         11.6899877
21 20         14.4995592
22 20         26.1395203
22 24         26.1394335
22 23         11.6899045
22 21         11.6899877
23 25         29.7594864
23 21         23.3798922
23 22         11.6899045
23 24         14.4995592
24 26         26.9805983
24 22         26.1394335
24 25         15.2934745
24 23         14.4995592
25 23         29.7594864
25 27         22.5211309
25 26         11.6899877
25 24         15.2934745
26 24         26.9805983
26 28         25.3742957
26 27         10.8746918
26 25         11.6899877
27 29         33.3806086
27 25         22.5211309
27 28         14.4996039
27 26         10.8746918
28 25         37.0024335
28 26         25.3742957
28 27         14.4996039
28 29         18.9051808
29 27         33.3806086
29 31         31.4762564
29 28         18.9051808
29 30         19.7881661
30 28         38.6694535
30 29         19.7881661
30 31         11.6899877
30 32         19.7881251
31 401         40.5278073
31 29         31.4762564
31 32            8.10551
31 30         11.6899877
32 29         39.5762912
32 401         32.4222973
32 31            8.10551
32 30         19.7881251
33 32           64.84448
33 402         45.0422464
33 34         13.9452527
33 401         32.4221827
34 379         60.1943527
34 401         46.3648013
34 33         13.9452527
34 402         31.1826191
35 33         83.1834414
35 379         55.3521448
35 34         69.2537161
35 402         38.2594683
36 21         57.9983262
36 20          43.498767
36 19         28.9991184
36 18         14.4995592
37 404         318.271836
37 576         254.984142
37 38         21.0412579
37 408         205.653549
38 404         299.600314
38 576         268.300641
38 37         21.0412579
38 408         225.919263
39 87            297.189
39 115         278.275192
39 114         138.007274
39 113         255.078358
40 205         44.7211965
40 153         41.1390979
40 47                  0
40 1         30.1953367
41 443         55.3944858
41 444         51.4486793
41 42         24.1725944
41 445         32.6406462
42 443         68.7374552
42 445         56.6462164
42 41         24.1725944
42 444         48.1669601
43 515         97.5600969
43 516         78.8489007
43 44         8.45753005
43 517         73.3255467
44 515         105.870424
44 517         77.1467335
44 43         8.45753005
44 516         70.3945097
45 569         134.586624
45 559         113.029123
45 46         107.603043
45 570         54.4858375
46 45         107.603043
46 569         101.822795
46 559         68.6413158
46 570         89.1681151
47 205         44.7211965
47 153         41.1390979
47 40                  0
47 1         30.1953367
48 437         179.150625
48 588          143.62721
48 438         65.9604927
48 436         101.915518
49 72         692.774916
49 50         587.657359
49 51         273.534265
49 64         478.887295
50 49         587.657359
50 76         390.698785
50 72         448.873731
50 51         364.959608
51 72         431.014117
51 64         403.071006
51 49         273.534265
51 50         364.959608
52 53         761.835928
52 67         691.650538
52 78         553.187101
52 117         669.535728
53 56         353.876822
53 55         340.548485
53 54         301.379424
53 439         280.778746
54 57         204.969005
54 66         138.734301
54 55         159.620577
54 58         115.684503
55 59         129.241527
55 58         92.7382426
55 56         58.0988352
55 57         45.5780729
56 58         147.052496
56 59         82.3193178
56 57         26.1117634
56 55         58.0988352
57 58         125.945906
57 59         83.7030818
57 56         26.1117634
57 55         45.5780729
58 56         147.052496
58 57         125.945906
58 55         92.7382426
58 54         115.684503
59 55         129.241527
59 57         83.7030818
59 56         82.3193178
59 572         71.0978364
60 61         246.216492
60 577         246.216492
60 447         91.2206093
60 62         220.297185
61 68         196.109932
61 69         87.0624135
61 62         82.3210636
61 577                  0
62 68         145.478079
62 61         82.3210636
62 69         63.7437007
62 577         82.3210636
63 453         388.801827
63 64         341.648476
63 79         305.298398
63 73         323.493046
64 49         478.887295
64 51         403.071006
64 73          288.46714
64 63         341.648476
65 62         356.843173
65 66         351.966577
65 68         314.977549
65 58          345.01797
66 55         293.843146
66 67         287.263225
66 54         138.734301
66 58         225.944395
67 65         498.482546
67 54         422.253631
67 78         388.283858
67 66         287.263225
68 61         196.109932
68 62         145.478079
68 70         46.5713434
68 69         109.174421
69 68         109.174421
69 61         87.0624135
69 62         63.7437007
69 577         87.0624135
70 61         196.683805
70 62         164.555922
70 68         46.5713434
70 69          112.61395
71 70         684.768228
71 65         628.749507
71 68         681.066226
71 118         479.373978
72 82         389.484536
72 74          369.39115
72 76         367.211304
72 84         358.539848
73 79         330.783408
73 63         323.493046
73 82         297.876384
73 64          288.46714
74 76         239.306991
74 85         235.833071
74 84         171.675116
74 86         233.403855
75 86         496.461204
75 74         380.097976
75 76         285.975333
75 85         289.241089
76 72         367.211304
76 85         359.266927
76 74         239.306991
76 75         285.975333
77 90          679.34531
77 93         671.375019
77 89         387.324301
77 88         372.625469
78 117         680.729595
78 66         669.829365
78 52         553.187101
78 67         388.283858
79 73         330.783408
79 63         305.298398
79 81         288.549665
79 453         300.881599
80 81          686.65836
80 593         627.741284
80 99         507.295812
80 111         476.446549
81 73          418.38435
81 79         288.549665
81 100         256.143282
81 82         275.238123
82 102         296.594336
82 83         288.597331
82 100         274.706691
82 81         275.238123
83 101         216.470744
83 103         184.057238
83 102         87.2298163
83 84         112.093191
84 86         216.118888
84 74         171.675116
84 102         194.186898
84 83         112.093191
85 84         351.469805
85 75         289.241089
85 74         235.833071
85 86         220.429131
86 417         233.283099
86 85         220.429131
86 84         216.118888
86 103         207.860941
87 104         393.260477
87 417          353.40403
87 39            297.189
87 114         325.211815
88 90         754.008894
88 93         649.018848
88 89         523.573559
88 77         372.625469
89 77         387.324301
89 92         370.769802
89 90         292.083981
89 93          320.49509
90 107         244.470844
90 93          188.84429
90 91         122.767369
90 92          135.52205
91 107         178.596644
91 95         161.605496
91 90         122.767369
91 92         157.369231
92 95         255.008752
92 91         157.369231
92 94         164.975896
92 90          135.52205
93 89          320.49509
93 91         224.104609
93 107         173.742311
93 90          188.84429
94 97         193.892465
94 91         191.337231
94 95         153.497895
94 92         164.975896
95 107         242.190702
95 96         163.978218
95 94         153.497895
95 91         161.605496
96 91         325.317795
96 94         244.428823
96 110         141.717187
96 95         163.978218
97 96         371.099508
97 95         340.186158
97 92         269.864351
97 94         193.892465
98 130         703.226901
98 124         562.126945
98 118          553.67097
98 415         505.731725
99 121         468.449397
99 105         459.465213
99 100         429.613011
99 101         433.061515
100 82         274.706691
100 81         256.143282
100 102         244.190209
100 101         247.386919
101 83         216.470744
101 105         187.290598
101 102         137.227475
101 103         86.7962153
102 84         194.186898
102 101         137.227475
102 83         87.2298163
102 103         133.599496
103 83         184.057238
103 105         162.239462
103 102         133.599496
103 101         86.7962153
104 112         237.893802
104 105         233.012914
104 417         184.836439
104 114         214.464196
105 104         233.012914
105 101         187.290598
105 103         162.239462
105 417         150.089377
106 123         569.440487
106 122         528.762433
106 107         416.296838
106 93         522.628076
107 90         244.470844
107 95         242.190702
107 91         178.596644
107 93         173.742311
108 95         598.231142
108 96         442.263959
108 109         179.774593
108 110         325.535972
109 116         508.950209
109 96         384.895898
109 108         179.774593
109 110         319.713675
110 108         325.535972
110 95         304.970236
110 109         319.713675
110 96         141.717187
111 137         810.123179
111 136         545.611965
111 80         476.446549
111 456         530.954396
112 104         237.893802
112 121         215.941121
112 113         100.794839
112 114         214.757032
113 39         255.078358
113 115         234.070692
113 114         176.507577
113 112         100.794839
114 112         214.757032
114 104         214.464196
114 39         138.007274
114 113         176.507577
115 114         317.154145
115 127         304.704937
115 39         278.275192
115 113         234.070692
116 106         610.055911
116 129         532.398659
116 122          394.79286
116 109         508.950209
117 110         998.585651
117 108         883.550697
117 78         680.729595
117 52         669.535728
118 124         578.295943
118 71         479.373978
118 98          553.67097
118 415         269.538374
119 125         421.136388
119 120         415.033856
119 128         322.923632
119 121         365.202446
120 112          305.45135
120 113           290.8492
120 121         223.328307
120 127         207.650894
121 119         365.202446
121 113         279.222078
121 112         215.941121
121 120         223.328307
122 148         443.845069
122 116          394.79286
122 129         277.249965
122 123         253.305623
123 142         398.028563
123 129         373.887178
123 122         253.305623
123 147         333.836506
124 133         420.573097
124 415         311.573823
124 130         230.263907
124 131         250.011081
125 119         421.136388
125 127          377.64613
125 140         259.330287
125 128         112.042626
126 174         610.779819
126 125         591.318693
126 173         541.476844
126 127         510.817901
127 125          377.64613
127 115         304.704937
127 128         341.290395
127 120         207.650894
128 120         339.772263
128 119         322.923632
128 125         112.042626
128 140         305.230098
129 149         278.125835
129 122         277.249965
129 148         196.230211
129 151         196.506193
130 124         230.263907
130 132         207.233388
130 131         118.104452
130 133         197.149719
131 133         200.179625
131 132         198.379123
131 130         118.104452
131 134         183.322194
132 134         177.827161
132 166         172.639687
132 133         20.6627787
132 163          168.80538
133 163         187.038101
133 221         186.909984
133 132         20.6627787
133 166         184.740553
134 131         183.322194
134 132         177.827161
134 163         172.512963
134 164         136.764946
135 138         509.749326
135 303         451.243164
135 137         287.095063
135 136         413.597238
136 111         545.611965
136 137         489.786821
136 138         334.288032
136 135         413.597238
137 456         467.270282
137 304         432.997802
137 135         287.095063
137 303         425.415823
138 125          482.69146
138 119          468.67734
138 136         334.288032
138 140         245.124118
139 225         507.877654
139 227         499.963155
139 226         351.065649
139 140         490.871168
140 119         448.133216
140 128         305.230098
140 138         245.124118
140 125         259.330287
141 173         332.034066
141 144         315.031802
141 143         251.787362
141 147         312.646748
142 149          182.96676
142 147         177.291338
142 144         175.468263
142 146         123.228401
143 175         214.735678
143 144         202.047279
143 145         176.320234
143 168         165.799167
144 142         175.468263
144 146         107.016154
144 147         141.452291
144 145           103.9215
145 178         146.913944
145 181         111.909196
145 144           103.9215
145 146         104.419313
146 142         123.228401
146 144         107.016154
146 145         104.419313
146 181         94.2405606
147 145         244.510411
147 146         205.634333
147 144         141.452291
147 142         177.291338
148 193          191.36153
148 142         185.248286
148 149         84.7101102
148 151           168.7371
149 142          182.96676
149 193         128.139419
149 148         84.7101102
149 182         125.918098
150 190         122.560068
150 152         115.306418
150 189         82.2574742
150 192         104.965691
151 152         193.357567
151 192         171.759293
151 150         138.978065
151 148           168.7371
152 190         151.029045
152 414         144.420889
152 154         100.747564
152 150         115.306418
153 155          58.986424
153 214         56.0603832
153 40         41.1390979
153 47         41.1390979
154 153          90.927148
154 214         85.2310484
154 414         43.8748609
154 416         77.3603173
155 1         90.3226049
155 47         62.2875468
155 153          58.986424
155 40         62.2875468
156 160         164.007686
156 166         161.284969
156 159         145.726362
156 165         86.6203335
157 165         338.376824
157 166         295.813901
157 221         171.936423
157 156         278.705268
158 216         635.874775
158 221         630.365432
158 157         467.004126
158 219         425.772303
159 161         134.144685
159 165         125.251214
159 160         29.5708891
159 2         89.6061379
160 165         127.407546
160 161         113.891889
160 159         29.5708891
160 2         68.1902663
161 160         113.891889
161 165         100.588173
161 2         45.7052798
161 3         41.4916905
162 13         342.220764
162 276         321.385166
162 167         143.944573
162 275         303.459434
163 161         142.056433
163 3         110.693051
163 166         80.4035821
163 164         83.1148697
164 134         136.764946
164 161         134.716901
164 163         83.1148697
164 3         93.2257498
165 3         118.336923
165 161         100.588173
165 2          97.679857
165 156         86.6203335
166 156         161.284969
166 3         158.993206
166 163         80.4035821
166 165         121.379559
167 276         465.259775
167 13         464.265454
167 162         143.944573
167 275         443.433488
168 175         189.704456
168 143         165.799167
168 171         138.813454
168 170         121.839305
169 170         224.733962
169 4         163.709545
169 172         217.297665
169 231         146.113046
170 172         152.036321
170 168         121.839305
170 4         124.776337
170 171         93.2589464
171 168         138.813454
171 4         111.952455
171 172         97.3012854
171 170         93.2589464
172 173         155.966864
172 170         152.036321
172 4         58.6264453
172 171         97.3012854
173 170         265.105508
173 4         214.039541
173 172         155.966864
173 171         172.905552
174 228         373.501182
174 172         314.319472
174 169         290.085349
174 4         313.290556
175 145         212.070807
175 168         189.704456
175 178         177.509346
175 180         180.146466
176 186         150.792885
176 191         100.340952
176 179         137.609321
176 177         97.4550926
177 237         119.605773
177 176         97.4550926
177 236         96.0161469
177 233         96.1952327
178 180          157.21091
178 145         146.913944
178 181          86.977499
178 179         138.199337
179 180         147.772842
179 177         138.699985
179 176         137.609321
179 178         138.199337
180 175         180.146466
180 178          157.21091
180 235         94.3014933
180 179         147.772842
181 182         142.597154
181 145         111.909196
181 146         94.2405606
181 178          86.977499
182 193          167.95579
182 191         162.930888
182 149         125.918098
182 181         142.597154
183 186         139.421326
183 243         114.075351
183 184         95.1908109
183 242         86.3469277
184 188          124.54937
184 185         118.510893
184 194         102.120798
184 183         95.1908109
185 8         89.0082457
185 208         79.8468336
185 187         31.4028036
185 210         55.9774107
186 176         150.792885
186 191         141.594095
186 194         121.269294
186 183         139.421326
187 212         94.8038249
187 210         73.6044554
187 8         91.2670924
187 185         31.4028036
188 416         110.029791
188 194         103.147589
188 190         67.8389363
188 189         64.9388344
189 192         102.647092
189 188         64.9388344
189 150         82.2574742
189 190         64.5881861
190 414         96.7980709
190 188         67.8389363
190 189         64.5881861
190 416         58.1029137
191 182         162.930888
191 186         141.594095
191 193         93.3904333
191 176         100.340952
192 193         132.011044
192 150         104.965691
192 189         102.647092
192 194         103.510112
193 182          167.95579
193 192         132.011044
193 149         128.139419
193 191         93.3904333
194 189         118.033302
194 188         103.147589
194 192         103.510112
194 184         102.120798
195 252         67.5128272
195 211         42.2546534
195 5         37.5956301
195 420         40.3017314
196 198         107.734105
196 207         99.7307774
196 218         96.0455968
196 420         95.0368853
197 6         57.1972137
197 199         49.5777716
197 200         46.9121374
197 198         44.3884615
198 199         84.0125969
198 200         75.8618441
198 197         44.3884615
198 6         65.5545167
199 213         62.8625061
199 202         54.1195103
199 6          43.490239
199 197         49.5777716
200 197         46.9121374
200 203         39.3267574
200 201         35.7108896
200 7         35.4145533
201 7         60.5084733
201 203         45.6561695
201 200         35.7108896
201 204         38.0356147
202 200         56.1130565
202 205         50.7916112
202 199         54.1195103
202 7         37.8968101
203 200         39.3267574
203 206         37.7319112
203 7         26.9132225
203 204         34.4748223
204 200         58.0518096
204 206         54.7731988
204 203         34.4748223
204 201         38.0356147
205 47         44.7211965
205 7         40.7242499
205 206         40.3725882
205 1         34.5296022
206 7         48.7963493
206 205         40.3725882
206 1         33.2213296
206 203         37.7319112
207 252         86.8903417
207 420          85.088752
207 5         70.6288871
207 195         72.9050188
208 210         67.6420334
208 209         64.3864385
208 257         56.6678448
208 258         58.2204067
209 5         62.6161102
209 252         55.1033108
209 210          48.158131
209 258          50.451182
210 208         67.6420334
210 185         55.9774107
210 8         47.1791459
210 209          48.158131
211 420         47.1071222
211 212         43.1577418
211 195         42.2546534
211 8         36.5658972
212 210         74.4720645
212 6         55.9159981
212 8         31.9208447
212 211         43.1577418
213 414         66.5386661
213 202         66.3323156
213 214         31.4354609
213 199         62.8625061
214 416         70.0966235
214 153         56.0603832
214 213         31.4354609
214 414         43.3050356
215 266         147.124724
215 196         108.892448
215 218         88.0977557
215 217         100.844844
216 264         298.294894
216 273         258.900088
216 267         189.177889
216 269         250.971939
217 200         131.441627
217 204          111.07982
217 201         97.9738484
217 215         100.844844
218 196         96.0455968
218 215         88.0977557
218 254         86.3242218
218 266         84.2603264
219 157         544.981118
219 224         523.064093
219 223         452.369737
219 158         425.772303
220 159         201.513548
220 278         195.010718
220 224         139.175951
220 222         189.436043
221 132         195.822198
221 166         189.239881
221 157         171.936423
221 133         186.909984
222 277         209.231887
222 220         189.436043
222 223         160.530881
222 278         137.758233
223 278         285.740019
223 220         215.134456
223 224         140.847218
223 222         160.530881
224 160         187.910667
224 159         167.021312
224 223         140.847218
224 220         139.175951
225 307         260.147993
225 308         189.134366
225 227         188.883436
225 226         182.377208
226 308         320.450743
226 228         316.717653
226 227         162.541646
226 225         182.377208
227 308         209.485542
227 225         188.883436
227 228         154.186398
227 226         162.541646
228 310         260.572245
228 307          253.66895
228 227         154.186398
228 308         194.583095
229 230         208.862258
229 318         196.076032
229 231         167.603136
229 317         167.601329
230 313         259.596035
230 229         208.862258
230 231         181.974645
230 314         200.042929
231 232         255.482261
231 230         181.974645
231 229         167.603136
231 169         146.113046
232 318         258.678764
232 231         255.482261
232 169         255.333441
232 170         230.852388
233 236         115.698893
233 177         96.1952327
233 240         60.6802743
233 237         82.2120317
234 236         222.844282
234 323         214.593096
234 235         162.134132
234 320         182.820763
235 234         162.134132
235 237         162.132602
235 180         94.3014933
235 236         110.805614
236 233         115.698893
236 177         96.0161469
236 235         110.805614
236 237         61.7969824
237 240         128.639606
237 177         119.605773
237 236         61.7969824
237 233         82.2120317
238 233         174.829703
238 240         141.194499
238 239         127.953221
238 327          120.68169
239 241         147.785656
239 327         145.410739
239 238         127.953221
239 242         135.224571
240 238         141.194499
240 237         128.639606
240 233         60.6802743
240 241         71.9629234
241 183         139.471291
241 242          95.209152
241 233         124.056659
241 240         71.9629234
242 239         135.224571
242 243         96.5277366
242 183         86.3469277
242 241          95.209152
243 183         114.075351
243 242         96.5277366
243 257         82.5406582
243 9         69.8425478
244 330         88.2574116
244 331         81.2382467
244 245         72.3257446
244 247         72.7209473
245 253         93.7652641
245 244         72.3257446
245 247         52.9700043
245 246         58.0967522
246 253         93.3912898
246 260         71.8842474
246 245         58.0967522
246 261         57.8958067
247 244         72.7209473
247 250         69.0396058
247 245         52.9700043
247 248         64.9916194
248 255         95.2578153
248 249          73.929106
248 250         71.6731716
248 247         64.9916194
249 244         115.055594
249 331          99.523561
249 247         113.584505
249 248          73.929106
250 256         96.8202804
250 251         86.4764759
250 247         69.0396058
250 248         71.6731716
251 5         74.3087414
251 258         69.8025709
251 252         46.8021382
251 256         67.3081459
252 258         66.4447585
252 209         55.1033108
252 251         46.8021382
252 5         30.2203689
253 250         118.524962
253 254         106.692542
253 245         93.7652641
253 246         93.3912898
254 253         106.692542
254 207          99.907733
254 218         86.3242218
254 265         95.5840363
255 257         100.616004
255 256         85.2500941
255 248         95.2578153
255 9         73.9006798
256 9         69.0910091
256 257         68.5413329
256 251         67.3081459
256 258         42.3273168
257 256         68.5413329
257 258         68.3808812
257 9         29.6623691
257 208         56.6678448
258 252         66.4447585
258 208         58.2204067
258 256         42.3273168
258 209          50.451182
259 263         89.6291239
259 262         74.9597055
259 260         79.6624564
259 333         56.0420944
260 333         78.6215724
260 261         74.6496644
260 246         71.8842474
260 262         74.0347817
261 265         103.067348
261 260         74.6496644
261 246         57.8958067
261 262          46.050037
262 263         81.0882757
262 259         74.9597055
262 260         74.0347817
262 261          46.050037
263 261         123.821151
263 270         103.717402
263 259         89.6291239
263 262         81.0882757
264 272         131.613065
264 270         130.241567
264 269         68.6870399
264 273         129.422832
265 253         119.385961
265 266         112.758672
265 254         95.5840363
265 261         103.067348
266 254         119.249287
266 265         112.758672
266 268         79.1812543
266 218         84.2603264
267 270         179.934062
267 264         138.130488
267 269         72.7296795
267 268         124.906473
268 267         124.906473
268 269         118.142028
268 266         79.1812543
268 270         102.502751
269 270         126.400502
269 268         118.142028
269 264         68.6870399
269 267         72.7296795
270 264         130.241567
270 269         126.400502
270 263         103.717402
270 268         102.502751
271 264         350.425261
271 272         327.095042
271 273          272.05311
271 274         242.381971
272 269         192.398825
272 270         158.544419
272 263         140.196179
272 264         131.613065
273 272         217.287491
273 267         187.026622
273 269         158.035412
273 264         129.422832
274 216         484.679175
274 264         473.356606
274 271         242.381971
274 273         349.199154
275 278         300.822056
275 13         126.696225
275 277         200.426244
275 276         102.034333
276 13         228.255021
276 278         206.399618
276 277          98.598385
276 275         102.034333
277 222         209.231887
277 275         200.426244
277 276          98.598385
277 278         120.701585
278 276         206.399618
278 220         195.010718
278 277         120.701585
278 222         137.758233
279 282         111.622868
279 281         96.1001928
279 280         41.4153117
279 289         75.8520593
280 282         94.1835076
280 289         88.8100964
280 279         41.4153117
280 281         54.9975445
281 284         108.789697
281 282         105.209607
281 280         54.9975445
281 279         96.1001928
282 281         105.209607
282 288         97.2573547
282 284          72.971436
282 280         94.1835076
283 10          222.39993
283 287         175.585577
283 14         203.430339
283 342         175.023804
284 288         65.7204211
284 285         64.9496928
284 286         48.6464148
284 10         55.4374259
285 288         70.8028459
285 284         64.9496928
285 10          27.110517
285 286         55.0730167
286 288         100.092475
286 10         67.2609994
286 284         48.6464148
286 285         55.0730167
287 341         169.110637
287 10         154.461995
287 288          122.03441
287 347          114.29544
288 282         97.2573547
288 285         70.8028459
288 284         65.7204211
288 10         43.6923304
289 281         120.858608
289 290         111.251327
289 280         88.8100964
289 279         75.8520593
290 279         157.071626
290 289         111.251327
290 291         75.1340525
290 293         92.8009834
291 289         175.625449
291 300         96.5331899
291 293         48.7071366
291 290         75.1340525
292 298         170.814396
292 299         158.285502
292 294         143.050706
292 295         127.677186
293 289         165.998518
293 300          105.16061
293 291         48.7071366
293 290         92.8009834
294 298         103.030769
294 295         98.7924751
294 297         41.5514386
294 296           66.44863
295 294         98.7924751
295 301         74.6247053
295 299         74.2282864
295 298         45.2643755
296 294           66.44863
296 297         64.0667605
296 460         48.1473126
296 459         58.7455397
297 295         110.790586
297 296         64.0667605
297 298         96.8039981
297 294         41.5514386
298 297         96.8039981
298 299         93.8040571
298 295         45.2643755
298 301         66.3680958
299 300         123.345059
299 298         93.8040571
299 301         49.7339983
299 295         74.2282864
300 301         143.573097
300 299         123.345059
300 291         96.5331899
300 293          105.16061
301 300         143.573097
301 295         74.6247053
301 299         49.7339983
301 298         66.3680958
302 354         249.994846
302 304         224.853532
302 353         241.365492
302 305         174.169063
303 359          327.33507
303 305          227.83391
303 304         170.968773
303 306         189.561423
304 306         331.087518
304 302         224.853532
304 303         170.968773
304 305         211.656832
305 304         211.656832
305 354         207.694531
305 302         174.169063
305 359         198.285499
306 304         331.087518
306 305         244.689344
306 303         189.561423
306 359         202.019122
307 311         247.108201
307 310         171.623741
307 308         88.3591831
307 315         80.7975489
308 228         194.583095
308 225         189.134366
308 307         88.3591831
308 315         155.413563
309 313         87.8438413
309 11         69.2228774
309 314         73.0544536
309 17         54.5115642
310 313         146.864586
310 312         126.536734
310 311          76.519297
310 315         100.159397
311 11         82.5830124
311 310          76.519297
311 312         50.0567976
311 313         70.5587429
312 314         93.9441188
312 311         50.0567976
312 313         22.5671182
312 11         32.8580385
313 314         71.4212362
313 311         70.5587429
313 11         21.3304969
313 312         22.5671182
314 312         93.9441188
314 309         73.0544536
314 11         70.5311425
314 313         71.4212362
315 311         176.500481
315 310         100.159397
315 308         155.413563
315 307         80.7975489
316 317         212.710351
316 364          205.41166
316 366         182.061832
316 319         190.827902
317 320         211.121015
317 229         167.601329
317 319         160.277952
317 318         81.9522079
318 229         196.076032
318 320         146.087963
318 319         180.234108
318 317         81.9522079
319 316         190.827902
319 318         180.234108
319 317         160.277952
319 322         171.186615
320 319         191.123764
320 234         182.820763
320 318         146.087963
320 322         140.563225
321 322         237.440547
321 367         218.810236
321 326         188.455258
321 369         196.376686
322 321         237.440547
322 323         230.116045
322 319         171.186615
322 320         140.563225
323 237         227.718085
323 325          205.05525
323 234         214.593096
323 238         193.457297
324 238         203.053863
324 12         105.249171
324 325         34.2219028
324 327         93.3890528
325 238         188.181596
325 12         109.211761
325 324         34.2219028
325 327         94.2336075
326 328         170.518527
326 370         136.164828
326 369         152.693129
326 12         99.5250779
327 239         145.410739
327 238          120.68169
327 324         93.3890528
327 325         94.2336075
328 371         171.536878
328 12         162.781078
328 326         170.518527
328 370         106.031372
329 248         204.574568
329 331         204.244678
329 239         193.901456
329 249         145.515581
330 331         97.5704627
330 260         85.0061948
330 244         88.2574116
330 333          78.280806
331 247         138.582553
331 249          99.523561
331 244         81.2382467
331 330         97.5704627
332 329          223.01475
332 371         183.977771
332 336         168.463869
332 331         179.794448
333 262         116.728403
333 260         78.6215724
333 259         56.0420944
333 330          78.280806
334 336         202.544934
334 330         173.861936
334 333         125.115013
334 259         152.524989
335 336          277.45265
335 376         254.572511
335 334         217.461933
335 377         186.971796
336 371         228.195951
336 375         220.243037
336 334         202.544934
336 332         168.463869
337 343         246.853138
337 13         221.675057
337 338         111.530642
337 344         185.509835
338 343         208.127877
338 344         200.275277
338 337         111.530642
338 13         188.375816
339 35         280.497295
339 347         265.052153
339 378         154.547138
339 341         223.393292
340 35         340.818982
340 339         336.597121
340 346         161.819177
340 379         298.854961
341 287         169.110637
341 14         167.880331
341 347         122.936943
341 342         79.1893711
342 283         175.023804
342 343         146.990209
342 14         97.2900353
342 341         79.1893711
343 338         208.127877
343 342         146.990209
343 344         107.200142
343 14          49.703554
344 338         200.275277
344 337         185.509835
344 14         144.265259
344 343         107.200142
345 279         295.903825
345 349         279.321258
345 290         265.776924
345 346         183.180772
346 347         362.615037
346 349         311.459317
346 340         161.819177
346 345         183.180772
347 288         217.135864
347 342         185.165861
347 287          114.29544
347 341         122.936943
348 351         179.087729
348 350         167.619609
348 15         143.046647
348 16         161.708986
349 380         214.533355
349 348         209.405621
349 351         197.967912
349 383         142.406087
350 348         167.619609
350 591         75.2745687
350 15         91.5376989
350 16         60.8198811
351 383          175.87374
351 350         172.454705
351 380         150.379742
351 352         65.6782366
352 350         187.566516
352 477         183.877801
352 351         65.6782366
352 380         140.135976
353 354         123.477285
353 575          108.45864
353 356         93.8614834
353 355         94.8849997
354 355         178.590592
354 357         157.183241
354 353         123.477285
354 356         128.322688
355 481          102.33833
355 386         88.3263965
355 353         94.8849997
355 356         61.6985063
356 387         109.834695
356 353         93.8614834
356 355         61.6985063
356 386         89.6499246
357 387         183.367682
357 359         157.019138
357 354         157.183241
357 389         106.391232
358 357         300.166792
358 391         299.265071
358 359         286.231702
358 392         265.974282
359 354         210.590551
359 306         202.019122
359 357         157.019138
359 305         198.285499
360 392          380.86287
360 358         339.706385
360 361         314.284501
360 362          273.46113
361 358         313.949677
361 391         134.228747
361 362         150.278978
361 392         109.195543
362 391         281.310555
362 360          273.46113
362 361         150.278978
362 392         259.472166
363 315         378.090958
363 225         342.305612
363 308          352.63423
363 307         325.179767
364 366         249.467826
364 309         247.116052
364 316          205.41166
364 17          192.67758
365 321         303.025435
365 366         301.326869
365 368         244.262511
365 367          99.597802
366 365         301.326869
366 367         290.746422
366 364         249.467826
366 316         182.061832
367 369         284.969926
367 368         263.560114
367 365          99.597802
367 321         218.810236
368 367         263.560114
368 365         244.262511
368 369          143.13004
368 393         218.744285
369 321         196.376686
369 370         174.344034
369 368          143.13004
369 326         152.693129
370 12         190.537848
370 369         174.344034
370 328         106.031372
370 326         136.164828
371 332         183.977771
371 328         171.536878
371 375         116.302037
371 372          97.238955
372 370         200.934388
372 371          97.238955
372 373         174.587203
372 375         87.8903151
373 397         178.879982
373 372         174.587203
373 374         107.775977
373 399         108.144844
374 399         157.901791
374 396         156.534197
374 373         107.775977
374 397         118.200246
375 374         187.434359
375 371         116.302037
375 373         183.327051
375 372         87.8903151
376 335         254.572511
376 418         228.477891
376 377         67.6449665
376 419         143.566019
377 418         245.384437
377 335         186.971796
377 376         67.6449665
377 419         168.353838
378 379          290.62108
378 402         286.397521
378 35         248.480991
